 3.3000000E+11 7.7874482E+29 2.2225375E+28 7.5651945E+29  0.000000E+00
 3.7026609E+11 8.0333853E+29 2.2908329E+28 7.8043020E+29  2.700684E-01
 4.1544539E+11 8.2846845E+29 2.3604731E+28 8.0486372E+29  2.675476E-01
 4.6613739E+11 8.5412933E+29 2.4314339E+28 8.2981499E+29  2.649532E-01
 5.2301475E+11 8.8031449E+29 2.5036869E+28 8.5527762E+29  2.622843E-01
 5.8683221E+11 9.0701696E+29 2.5772036E+28 8.8124492E+29  2.595511E-01
 6.5843656E+11 9.3422335E+29 2.6519354E+28 9.0770400E+29  2.567062E-01
 7.3877798E+11 9.6192449E+29 2.7278485E+28 9.3464601E+29  2.538053E-01
 8.2892252E+11 9.9010725E+29 2.8048977E+28 9.6205827E+29  2.508251E-01
 9.3006637E+11 1.0187567E+30 2.8830328E+28 9.8992633E+29  2.477644E-01
 1.0435516E+12 1.0478558E+30 2.9621994E+28 1.0182338E+30  2.446214E-01
 1.1708842E+12 1.0773889E+30 3.0423481E+28 1.0469654E+30  2.414190E-01
 1.3137537E+12 1.1073264E+30 3.1233875E+28 1.0760925E+30  2.380633E-01
 1.4740559E+12 1.1376499E+30 3.2052644E+28 1.1055973E+30  2.346597E-01
 1.6539179E+12 1.1683338E+30 3.2879048E+28 1.1354547E+30  2.311658E-01
 1.8557264E+12 1.1993499E+30 3.3712299E+28 1.1656376E+30  2.275793E-01
 2.0821592E+12 1.2306676E+30 3.4551559E+28 1.1961161E+30  2.238977E-01
 2.3362211E+12 1.2622593E+30 3.5396125E+28 1.2268632E+30  2.201562E-01
 2.6212832E+12 1.2940741E+30 3.6244572E+28 1.2578295E+30  2.162110E-01
 2.9411281E+12 1.3260816E+30 3.7096199E+28 1.2889854E+30  2.122221E-01
 3.3000000E+12 1.3582399E+30 3.7949974E+28 1.3202900E+30  2.081252E-01
 3.7026609E+12 1.3905042E+30 3.8804819E+28 1.3516994E+30  2.039163E-01
 4.1544539E+12 1.4228263E+30 3.9659612E+28 1.3831667E+30  1.995916E-01
 4.6613739E+12 1.4551632E+30 4.0513458E+28 1.4146497E+30  1.951960E-01
 5.2301475E+12 1.4874370E+30 4.1364402E+28 1.4460726E+30  1.905378E-01
 5.8683221E+12 1.5196029E+30 4.2211634E+28 1.4773913E+30  1.858308E-01
 6.5843656E+12 1.5515989E+30 4.3053867E+28 1.5085451E+30  1.809869E-01
 7.3877798E+12 1.5833593E+30 4.3889777E+28 1.5394695E+30  1.760001E-01
 8.2892252E+12 1.6148146E+30 4.4718013E+28 1.5700966E+30  1.708637E-01
 9.3006637E+12 1.6459022E+30 4.5537538E+28 1.6003647E+30  1.656273E-01
 1.0435516E+13 1.6765134E+30 4.6345928E+28 1.6301675E+30  1.600601E-01
 1.1708842E+13 1.7065858E+30 4.7142364E+28 1.6594435E+30  1.544220E-01
 1.3137537E+13 1.7360339E+30 4.7925391E+28 1.6881085E+30  1.486016E-01
 1.4740559E+13 1.7647683E+30 4.8693541E+28 1.7160747E+30  1.425894E-01
 1.6539179E+13 1.7926952E+30 4.9445336E+28 1.7432499E+30  1.363755E-01
 1.8557264E+13 1.8197289E+30 5.0179662E+28 1.7695493E+30  1.300049E-01
 2.0821592E+13 1.8457294E+30 5.0893810E+28 1.7948356E+30  1.232267E-01
 2.3362211E+13 1.8706157E+30 5.1587071E+28 1.8190286E+30  1.163308E-01
 2.6212832E+13 1.8942786E+30 5.2257964E+28 1.8420207E+30  1.091857E-01
 2.9411281E+13 1.9166058E+30 5.2905020E+28 1.8637008E+30  1.017787E-01
 3.3000000E+13 1.9375103E+30 5.3527680E+28 1.8839826E+30  9.422446E-02
 3.7026609E+13 1.9567977E+30 5.4122139E+28 1.9026755E+30  8.603800E-02
 4.1544539E+13 1.9743923E+30 5.4688398E+28 1.9197039E+30  7.775055E-02
 4.6613739E+13 1.9901721E+30 5.5225083E+28 1.9349471E+30  6.914391E-02
 5.2301475E+13 2.0040144E+30 5.5730860E+28 1.9482835E+30  6.020381E-02
 5.8683221E+13 2.0157963E+30 5.6204442E+28 1.9595919E+30  5.091622E-02
 6.5843656E+13 2.0254258E+30 5.6645472E+28 1.9687803E+30  4.139396E-02
 7.3877798E+13 2.0326968E+30 5.7050171E+28 1.9756466E+30  3.112508E-02
 8.2892252E+13 2.0375462E+30 5.7419019E+28 1.9801272E+30  2.069742E-02
 9.3006637E+13 2.0398627E+30 5.7750947E+28 1.9821117E+30  9.869290E-03
 1.0435516E+14 2.0395412E+30 5.8044955E+28 1.9814962E+30 -1.369123E-03
 1.1708842E+14 2.0364849E+30 5.8300121E+28 1.9781847E+30 -1.302582E-02
 1.3137537E+14 2.0306318E+30 5.8516298E+28 1.9721155E+30 -2.500006E-02
 1.4740559E+14 2.0218172E+30 5.8690227E+28 1.9631270E+30 -3.778597E-02
 1.6539179E+14 2.0100378E+30 5.8822903E+28 1.9512149E+30 -5.075302E-02
 1.8557264E+14 1.9952467E+30 5.8913733E+28 1.9363330E+30 -6.415242E-02
 2.0821592E+14 1.9774141E+30 5.8962214E+28 1.9184519E+30 -7.797949E-02
 2.3362211E+14 1.9565897E+30 5.8969498E+28 1.8976202E+30 -9.195753E-02
 2.6212832E+14 1.9326129E+30 5.8930909E+28 1.8736820E+30 -1.070977E-01
 2.9411281E+14 1.9056166E+30 5.8848933E+28 1.8467677E+30 -1.221870E-01
 3.3000000E+14 1.8756534E+30 5.8723460E+28 1.8169299E+30 -1.376589E-01
 3.7026609E+14 1.8427990E+30 5.8554484E+28 1.7842446E+30 -1.534920E-01
 4.1544539E+14 1.8071530E+30 5.8342108E+28 1.7488109E+30 -1.696613E-01
 4.6613739E+14 1.7688899E+30 5.8087725E+28 1.7108022E+30 -1.858822E-01
 5.2301475E+14 1.7279816E+30 5.7787734E+28 1.6701938E+30 -2.032340E-01
 5.8683221E+14 1.6847061E+30 5.7445155E+28 1.6272609E+30 -2.202992E-01
 6.5843656E+14 1.6392493E+30 5.7060502E+28 1.5821887E+30 -2.375830E-01
 7.3877798E+14 1.5918148E+30 5.6634397E+28 1.5351804E+30 -2.550489E-01
 8.2892252E+14 1.5427295E+30 5.6169818E+28 1.4865597E+30 -2.720553E-01
 9.3006637E+14 1.4919311E+30 5.5661397E+28 1.4362697E+30 -2.908205E-01
 1.0435516E+15 1.4398419E+30 5.5113878E+28 1.3847280E+30 -3.086790E-01
 1.1708842E+15 1.3867116E+30 5.4528269E+28 1.3321833E+30 -3.265735E-01
 1.3137537E+15 1.3327935E+30 5.3905669E+28 1.2788878E+30 -3.444653E-01
 1.4740559E+15 1.2783419E+30 5.3247268E+28 1.2250946E+30 -3.623170E-01
 1.6539179E+15 1.2236867E+30 5.2555969E+28 1.1711307E+30 -3.795358E-01
 1.8557264E+15 1.1688253E+30 5.1827954E+28 1.1169974E+30 -3.984124E-01
 2.0821592E+15 1.1141628E+30 5.1068082E+28 1.0630947E+30 -4.160189E-01
 2.3362211E+15 1.0599267E+30 5.0277838E+28 1.0096489E+30 -4.334564E-01
 2.6212832E+15 1.0063314E+30 4.9458773E+28 9.5687263E+29 -4.506963E-01
 2.9411281E+15 9.5370034E+29 4.8615273E+28 9.0508507E+29 -4.665817E-01
 3.3000000E+15 9.0187855E+29 4.7741472E+28 8.5413708E+29 -4.852776E-01
 3.7026609E+15 8.5124657E+29 4.6843752E+28 8.0440282E+29 -5.018536E-01
 4.1544539E+15 8.0195159E+29 4.5923853E+28 7.5602774E+29 -5.181444E-01
 4.6613739E+15 7.5412181E+29 4.4983550E+28 7.0913826E+29 -5.341331E-01
 5.2301475E+15 7.0786636E+29 4.4024645E+28 6.6384172E+29 -5.498045E-01
 5.8683221E+15 6.6334635E+29 4.3050862E+28 6.2029548E+29 -5.642187E-01
 6.5843656E+15 6.2041543E+29 4.2058176E+28 5.7835726E+29 -5.811550E-01
 7.3877798E+15 5.7928043E+29 4.1052340E+28 5.3822809E+29 -5.958747E-01
 8.2892252E+15 5.3997886E+29 4.0035195E+28 4.9994367E+29 -6.102419E-01
 9.3006637E+15 5.0253255E+29 3.9008576E+28 4.6352397E+29 -6.242513E-01
 1.0435516E+16 4.6694876E+29 3.7974308E+28 4.2897445E+29 -6.378994E-01
 1.1708842E+16 4.3324786E+29 3.6935120E+28 3.9631274E+29 -6.506561E-01
 1.3137537E+16 4.0130241E+29 3.5888904E+28 3.6541351E+29 -6.652930E-01
 1.4740559E+16 3.7117314E+29 3.4840361E+28 3.3633278E+29 -6.779047E-01
 1.6539179E+16 3.4282195E+29 3.3791208E+28 3.0903075E+29 -6.901583E-01
 1.8557264E+16 3.1620286E+29 3.2743121E+28 2.8345974E+29 -7.020567E-01
 2.0821592E+16 2.9130553E+29 3.1699643E+28 2.5960589E+29 -7.123411E-01
 2.3362211E+16 2.6794384E+29 3.0656587E+28 2.3728725E+29 -7.260991E-01
 2.6212832E+16 2.4614669E+29 2.9619356E+28 2.1652733E+29 -7.369957E-01
 2.9411281E+16 2.2584777E+29 2.8589417E+28 1.9725835E+29 -7.475638E-01
 3.3000000E+16 2.0697852E+29 2.7568181E+28 1.7941034E+29 -7.578104E-01
 3.7026609E+16 1.8946896E+29 2.6556993E+28 1.6291197E+29 -7.677442E-01
 4.1544539E+16 1.7326249E+29 2.5558036E+28 1.4770446E+29 -7.766703E-01
 4.6613739E+16 1.5823336E+29 2.4568924E+28 1.3366444E+29 -7.881301E-01
 5.2301475E+16 1.4435683E+29 2.3593525E+28 1.2076331E+29 -7.972142E-01
 5.8683221E+16 1.3156351E+29 2.2632901E+28 1.0893061E+29 -8.060378E-01
 6.5843656E+16 1.1978563E+29 2.1688044E+28 9.8097588E+28 -8.146145E-01
 7.3877798E+16 1.0897662E+29 2.0761534E+28 8.8215089E+28 -8.214277E-01
 8.2892252E+16 9.9015622E+28 1.9849264E+28 7.9166358E+28 -8.325925E-01
 9.3006637E+16 8.9882789E+28 1.8955345E+28 7.0927444E+28 -8.405436E-01
 1.0435516E+17 8.1519204E+28 1.8080464E+28 6.3438741E+28 -8.483321E-01
 1.1708842E+17 7.3868757E+28 1.7225239E+28 5.6643519E+28 -8.559828E-01
 1.3137537E+17 6.6878212E+28 1.6390215E+28 5.0487997E+28 -8.635228E-01
 1.4740559E+17 6.0503215E+28 1.5576627E+28 4.4926588E+28 -8.701240E-01
 1.6539179E+17 5.4673850E+28 1.4781989E+28 3.9891861E+28 -8.799759E-01
 1.8557264E+17 4.9363961E+28 1.4008840E+28 3.5355121E+28 -8.873931E-01
 2.0821592E+17 4.4531473E+28 1.3257453E+28 3.1274020E+28 -8.948589E-01
 2.3362211E+17 4.0137095E+28 1.2528039E+28 2.7609056E+28 -9.024224E-01
 2.6212832E+17 3.6151557E+28 1.1822018E+28 2.4329539E+28 -9.083787E-01
 2.9411281E+17 3.2519284E+28 1.1135782E+28 2.1383502E+28 -9.197206E-01
 3.3000000E+17 2.9224308E+28 1.0471903E+28 1.8752405E+28 -9.279348E-01
 3.7026609E+17 2.6237230E+28 9.8303810E+27 1.6406849E+28 -9.365250E-01
 4.1544539E+17 2.3530927E+28 9.2111752E+27 1.4319751E+28 -9.455791E-01
 4.6613739E+17 2.1080421E+28 8.6142082E+27 1.2466213E+28 -9.551951E-01
 5.2301475E+17 1.8864965E+28 8.0399238E+27 1.0825041E+28 -9.644656E-01
 5.8683221E+17 1.6855478E+28 7.4861512E+27 9.3693270E+27 -9.782983E-01
 6.5843656E+17 1.5039199E+28 6.9542783E+27 8.0849212E+27 -9.903272E-01
 7.3877798E+17 1.3398360E+28 6.4441203E+27 6.9542393E+27 -1.003462E+00
 8.2892252E+17 1.1916751E+28 5.9554798E+27 5.9612715E+27 -1.017875E+00
 9.3006637E+17 1.0582123E+28 5.4889879E+27 5.0931349E+27 -1.031702E+00
 1.0435516E+18 9.3737500E+27 5.0420045E+27 4.3317455E+27 -1.053189E+00
 1.1708842E+18 8.2847142E+27 4.6159823E+27 3.6687319E+27 -1.072717E+00
 1.3137537E+18 7.3038884E+27 4.2107098E+27 3.0931787E+27 -1.094468E+00
 1.4740559E+18 6.4212105E+27 3.8259838E+27 2.5952267E+27 -1.118745E+00
 1.6539179E+18 5.6275945E+27 3.4616116E+27 2.1659828E+27 -1.145882E+00
 1.8557264E+18 4.9155986E+27 3.1177635E+27 1.7978351E+27 -1.174928E+00
 2.0821592E+18 4.2751940E+27 2.7930209E+27 1.4821731E+27 -1.212412E+00
 2.3362211E+18 3.7018784E+27 2.4881784E+27 1.2137001E+27 -1.250674E+00
 2.6212832E+18 3.1896350E+27 2.2030784E+27 9.8655664E+26 -1.293623E+00
 2.9411281E+18 2.7330575E+27 1.9375665E+27 7.9549104E+26 -1.341844E+00
 3.3000000E+18 2.3280926E+27 1.6919681E+27 6.3612454E+26 -1.392970E+00
 3.7026609E+18 1.9680297E+27 1.4647145E+27 5.0331516E+26 -1.459372E+00
 4.1544539E+18 1.6505857E+27 1.2565621E+27 3.9402362E+26 -1.527871E+00
 4.6613739E+18 1.3721376E+27 1.0672596E+27 3.0487806E+26 -1.604808E+00
 5.2301475E+18 1.1293751E+27 8.9649494E+26 2.3288021E+26 -1.691189E+00
 5.8683221E+18 9.1924579E+26 7.4387525E+26 1.7537054E+26 -1.788132E+00
 6.5843656E+18 7.3914491E+26 6.0909914E+26 1.3004577E+26 -1.894041E+00
 7.3877798E+18 5.8555242E+26 4.9087638E+26 9.4676041E+25 -2.023276E+00
 8.2892252E+18 4.5656158E+26 3.8895878E+26 6.7602806E+25 -2.161328E+00
 9.3006637E+18 3.4966511E+26 3.0242283E+26 4.7242280E+25 -2.316941E+00
 1.0435516E+19 2.6241210E+26 2.3017950E+26 3.2232591E+25 -2.493369E+00
 1.1708842E+19 1.9263616E+26 1.7121910E+26 2.1417059E+25 -2.684921E+00
 1.3137537E+19 1.3725419E+26 1.2342729E+26 1.3826907E+25 -2.944244E+00
 1.4740559E+19 9.5250543E+25 8.6605827E+25 8.6447156E+24 -3.173163E+00
 1.6539179E+19 6.4074986E+25 5.8860364E+25 5.2146226E+24 -3.443579E+00
 1.8557264E+19 4.1619003E+25 3.8596739E+25 3.0222642E+24 -3.747937E+00
 2.0821592E+19 2.5988409E+25 2.4313261E+25 1.6751487E+24 -4.090239E+00
 2.3362211E+19 1.5524898E+25 1.4641562E+25 8.8333547E+23 -4.475019E+00
 2.6212832E+19 8.8238676E+24 8.3832566E+24 4.4061101E+23 -4.907395E+00
 2.9411281E+19 4.7424524E+24 4.5358334E+24 2.0661901E+23 -5.393120E+00
 3.3000000E+19 2.3937252E+24 2.3031821E+24 9.0543099E+22 -5.938574E+00
 3.7026609E+19 1.1260138E+24 1.0890851E+24 3.6928662E+22 -6.550612E+00
 4.1544539E+19 4.8949716E+23 4.7541860E+23 1.4078558E+22 -7.235871E+00
 4.6613739E+19 1.9491322E+23 1.8972853E+23 5.1846948E+21 -7.998177E+00
 5.2301475E+19 7.0535174E+22 6.8474562E+22 2.0606113E+21 -8.828711E+00
 5.8683221E+19 2.3177553E+22 2.2093110E+22 1.0844431E+21 -9.666763E+00
 6.5843656E+19 7.1272809E+21 6.3085701E+21 8.1871077E+20 -1.024287E+01
 7.3877798E+19 2.3565880E+21 1.5983380E+21 7.5824997E+20 -9.612804E+00
 8.2892252E+19 1.1346049E+21 3.8610419E+20 7.4850070E+20 -6.348780E+00
 9.3006637E+19 8.7123826E+20 1.2229718E+20 7.4894108E+20 -2.294154E+00
 1.0435516E+20 8.2580944E+20 7.5168124E+19 7.5064131E+20 -4.651420E-01
 1.1708842E+20 8.2100268E+20 6.8913262E+19 7.5208942E+20 -5.070530E-02
 1.3137537E+20 8.2176500E+20 6.8840464E+19 7.5292454E+20  8.061326E-03
 1.4740559E+20 8.2258983E+20 6.9473789E+19 7.5311605E+20  8.713925E-03
 1.6539179E+20 8.2279498E+20 7.0136638E+19 7.5265835E+20  2.165932E-03
 1.8557264E+20 8.2231379E+20 7.0765010E+19 7.5154878E+20 -5.081188E-03
 2.0821592E+20 8.2113959E+20 7.1353963E+19 7.4978563E+20 -1.241167E-02
 2.3362211E+20 8.1935879E+20 7.1932520E+19 7.4742627E+20 -1.885751E-02
 2.6212832E+20 8.1687686E+20 7.2469944E+19 7.4440692E+20 -2.635043E-02
 2.9411281E+20 8.1369572E+20 7.2965824E+19 7.4072990E+20 -3.389127E-02
 3.3000000E+20 8.0981878E+20 7.3419824E+19 7.3639896E+20 -4.148375E-02
 3.7026609E+20 8.0525095E+20 7.3831666E+19 7.3141928E+20 -4.913195E-02
 4.1544539E+20 8.0005785E+20 7.4226646E+19 7.2583120E+20 -5.619714E-02
 4.6613739E+20 7.9418422E+20 7.4578458E+19 7.1960576E+20 -6.400274E-02
 5.2301475E+20 7.8764037E+20 7.4886990E+19 7.1275338E+20 -7.186567E-02
 5.8683221E+20 7.8043845E+20 7.5152196E+19 7.0528626E+20 -7.978618E-02
 6.5843656E+20 7.7259253E+20 7.5374091E+19 6.9721844E+20 -8.776305E-02
 7.3877798E+20 7.6411852E+20 7.5552745E+19 6.8856577E+20 -9.579568E-02
 8.2892252E+20 7.5506976E+20 7.5708224E+19 6.7936154E+20 -1.034729E-01
 9.3006637E+20 7.4542775E+20 7.5820102E+19 6.6960765E+20 -1.116304E-01
 1.0435516E+21 7.3521383E+20 7.5888603E+19 6.5932523E+20 -1.198378E-01
 1.1708842E+21 7.2445141E+20 7.5914026E+19 6.4853738E+20 -1.280881E-01
 1.3137537E+21 7.1316558E+20 7.5896716E+19 6.3726886E+20 -1.363777E-01
 1.4740559E+21 7.0140711E+20 7.5853108E+19 6.2555400E+20 -1.444042E-01
 1.6539179E+21 6.8917848E+20 7.5766975E+19 6.1341150E+20 -1.527691E-01
 1.8557264E+21 6.7650919E+20 7.5638816E+19 6.0087038E+20 -1.611601E-01
 2.0821592E+21 6.6343000E+20 7.5469178E+19 5.8796082E+20 -1.695720E-01
 2.3362211E+21 6.4997292E+20 7.5258662E+19 5.7471426E+20 -1.779968E-01
 2.6212832E+21 6.3617094E+20 7.5007913E+19 5.6116303E+20 -1.864287E-01
 2.9411281E+21 6.2207245E+20 7.4729189E+19 5.4734326E+20 -1.946571E-01
 3.3000000E+21 6.0769643E+20 7.4411096E+19 5.3328534E+20 -2.030857E-01
 3.7026609E+21 5.9307714E+20 7.4054388E+19 5.1902275E+20 -2.115100E-01
 4.1544539E+21 5.7824973E+20 7.3659891E+19 5.0458984E+20 -2.199149E-01
 4.6613739E+21 5.6324942E+20 7.3228463E+19 4.9002096E+20 -2.282936E-01
 5.2301475E+21 5.4812126E+20 7.2769734E+19 4.7535152E+20 -2.364822E-01
 5.8683221E+21 5.3288968E+20 7.2275427E+19 4.6061425E+20 -2.447868E-01
 6.5843656E+21 5.1754026E+20 7.1696979E+19 4.4584328E+20 -2.538634E-01
 7.3877798E+21 5.0215912E+20 7.1088183E+19 4.3107093E+20 -2.620558E-01
 8.2892252E+21 4.8677886E+20 7.0449794E+19 4.1632907E+20 -2.701928E-01
 9.3006637E+21 4.7143124E+20 6.9782603E+19 4.0164864E+20 -2.782670E-01
 1.0435516E+22 4.5614698E+20 6.9087443E+19 3.8705954E+20 -2.862711E-01
 1.1708842E+22 4.4095606E+20 6.8365201E+19 3.7259086E+20 -2.941898E-01
 1.3137537E+22 4.2588593E+20 6.7616734E+19 3.5826920E+20 -3.020404E-01
 1.4740559E+22 4.1096347E+20 6.6842971E+19 3.4412049E+20 -3.098016E-01
 1.6539179E+22 3.9621408E+20 6.6044874E+19 3.3016920E+20 -3.174662E-01
 1.8557264E+22 3.8166165E+20 6.5223436E+19 3.1643821E+20 -3.250277E-01
 2.0821592E+22 3.6732867E+20 6.4379690E+19 3.0294898E+20 -3.324738E-01
 2.3362211E+22 3.5323553E+20 6.3514659E+19 2.8972087E+20 -3.398089E-01
 2.6212832E+22 3.3940066E+20 6.2629376E+19 2.7677129E+20 -3.470339E-01
 2.9411281E+22 3.2584125E+20 6.1724922E+19 2.6411633E+20 -3.541324E-01
 3.3000000E+22 3.1257276E+20 6.0802393E+19 2.5177037E+20 -3.610988E-01
 3.7026609E+22 2.9960893E+20 5.9862901E+19 2.3974603E+20 -3.679276E-01
 4.1544539E+22 2.8696216E+20 5.8907595E+19 2.2805456E+20 -3.746024E-01
 4.6613739E+22 2.7464208E+20 5.7937554E+19 2.1670453E+20 -3.811510E-01
 5.2301475E+22 2.6265732E+20 5.6953913E+19 2.0570341E+20 -3.875514E-01
 5.8683221E+22 2.5101500E+20 5.5957815E+19 1.9505719E+20 -3.937966E-01
 6.5843656E+22 2.3972071E+20 5.4950407E+19 1.8477030E+20 -3.998826E-01
 7.3877798E+22 2.2877868E+20 5.3932851E+19 1.7484583E+20 -4.057999E-01
 8.2892252E+22 2.1819154E+20 5.2906281E+19 1.6528526E+20 -4.115529E-01
 9.3006637E+22 2.0796014E+20 5.1871802E+19 1.5608834E+20 -4.171559E-01
 1.0435516E+23 1.9808460E+20 5.0830547E+19 1.4725405E+20 -4.225882E-01
 1.1708842E+23 1.8856381E+20 4.9783643E+19 1.3878016E+20 -4.278474E-01
 1.3137537E+23 1.7939559E+20 4.8732207E+19 1.3066338E+20 -4.329316E-01
 1.4740559E+23 1.7057698E+20 4.7677369E+19 1.2289961E+20 -4.378265E-01
 1.6539179E+23 1.6210337E+20 4.6620167E+19 1.1548320E+20 -4.425678E-01
 1.8557264E+23 1.5396964E+20 4.5561667E+19 1.0840798E+20 -4.471387E-01
 2.0821592E+23 1.4617008E+20 4.4502924E+19 1.0166715E+20 -4.515326E-01
 2.3362211E+23 1.3869825E+20 4.3444976E+19 9.5253273E+19 -4.557499E-01
 2.6212832E+23 1.3154721E+20 4.2388853E+19 8.9158361E+19 -4.597865E-01
 2.9411281E+23 1.2470945E+20 4.1335543E+19 8.3373904E+19 -4.636460E-01
 3.3000000E+23 1.1817656E+20 4.0285975E+19 7.7890582E+19 -4.673605E-01
 3.7026609E+23 1.1194019E+20 3.9241097E+19 7.2699096E+19 -4.709056E-01
 4.1544539E+23 1.0599169E+20 3.8201827E+19 6.7789865E+19 -4.742845E-01
 4.6613739E+23 1.0032214E+20 3.7169058E+19 6.3153081E+19 -4.775008E-01
 5.2301475E+23 9.4922584E+19 3.6143676E+19 5.8778907E+19 -4.805447E-01
 5.8683221E+23 8.9783508E+19 3.5126466E+19 5.4657042E+19 -4.834596E-01
 6.5843656E+23 8.4895506E+19 3.4118215E+19 5.0777291E+19 -4.862374E-01
 7.3877798E+23 8.0249246E+19 3.3119684E+19 4.7129562E+19 -4.888748E-01
 8.2892252E+23 7.5835398E+19 3.2131594E+19 4.3703804E+19 -4.913798E-01
 9.3006637E+23 7.1644691E+19 3.1154628E+19 4.0490063E+19 -4.937592E-01
 1.0435516E+24 6.7667947E+19 3.0189416E+19 3.7478531E+19 -4.960202E-01
 1.1708842E+24 6.3895744E+19 2.9236479E+19 3.4659265E+19 -4.982215E-01
 1.3137537E+24 6.0319066E+19 2.8296331E+19 3.2022735E+19 -5.003464E-01
 1.4740559E+24 5.6929024E+19 2.7369431E+19 2.9559593E+19 -5.024174E-01
 1.6539179E+24 5.3716814E+19 2.6456130E+19 2.7260684E+19 -5.044699E-01
 1.8557264E+24 5.0673879E+19 2.5556758E+19 2.5117121E+19 -5.065219E-01
 2.0821592E+24 4.7791636E+19 2.4671577E+19 2.3120059E+19 -5.086450E-01
 2.3362211E+24 4.5061383E+19 2.3800505E+19 2.1260878E+19 -5.109478E-01
 2.6212832E+24 4.2475199E+19 2.2943905E+19 1.9531295E+19 -5.133818E-01
 2.9411281E+24 4.0025094E+19 2.2101870E+19 1.7923224E+19 -5.160614E-01
 3.3000000E+24 3.7702335E+19 2.1273712E+19 1.6428623E+19 -5.192822E-01
 3.7026609E+24 3.5500215E+19 2.0460104E+19 1.5040111E+19 -5.227452E-01
 4.1544539E+24 3.3411440E+19 1.9661003E+19 1.3750437E+19 -5.267159E-01
 4.6613739E+24 3.1426442E+19 1.8874721E+19 1.2551721E+19 -5.319995E-01
 5.2301475E+24 2.9541520E+19 1.8102807E+19 1.1438713E+19 -5.372476E-01
 5.8683221E+24 2.7748186E+19 1.7343835E+19 1.0404351E+19 -5.439648E-01
 6.5843656E+24 2.6041064E+19 1.6597728E+19 9.4433370E+18 -5.515173E-01
 7.3877798E+24 2.4418923E+19 1.5866004E+19 8.5529190E+18 -5.586446E-01
 8.2892252E+24 2.2872018E+19 1.5146247E+19 7.7257709E+18 -5.684403E-01
 9.3006637E+24 2.1397016E+19 1.4438558E+19 6.9584582E+18 -5.790253E-01
 1.0435516E+25 1.9997758E+19 1.3745854E+19 6.2519040E+18 -5.874383E-01
 1.1708842E+25 1.8653005E+19 1.3060788E+19 5.5922166E+18 -6.046500E-01
 1.3137537E+25 1.7380253E+19 1.2391492E+19 4.9887605E+18 -6.138543E-01
 1.4740559E+25 1.6177778E+19 1.1738569E+19 4.4392086E+18 -6.227444E-01
 1.6539179E+25 1.5017518E+19 1.1091377E+19 3.9261401E+18 -6.464144E-01
 1.8557264E+25 1.3925473E+19 1.0462016E+19 3.4634571E+18 -6.557636E-01
 2.0821592E+25 1.2883758E+19 9.8439757E+18 3.0397818E+18 -6.753485E-01
 2.3362211E+25 1.1892248E+19 9.2382728E+18 2.6539754E+18 -6.955715E-01
 2.6212832E+25 1.0965388E+19 8.6532872E+18 2.3121011E+18 -7.047990E-01
 2.9411281E+25 1.0082725E+19 8.0805513E+18 2.0021738E+18 -7.289217E-01
 3.3000000E+25 9.2444944E+18 7.5214129E+18 1.7230815E+18 -7.538953E-01
 3.7026609E+25 8.4668435E+18 6.9863167E+18 1.4805268E+18 -7.632327E-01
 4.1544539E+25 7.7098452E+18 6.4542974E+18 1.2555478E+18 -8.135174E-01
 4.6613739E+25 7.0118929E+18 5.9488491E+18 1.0630438E+18 -8.242077E-01
 5.2301475E+25 6.3697517E+18 5.4705379E+18 8.9921382E+17 -8.342554E-01
 5.8683221E+25 5.7434414E+18 4.9954700E+18 7.4797147E+17 -8.990062E-01
 6.5843656E+25 5.1713005E+18 4.5498322E+18 6.2146832E+17 -9.114484E-01
 7.3877798E+25 4.6312668E+18 4.1205134E+18 5.1075341E+17 -9.579995E-01
 8.2892252E+25 4.1237104E+18 3.7089443E+18 4.1476614E+17 -1.008233E+00
 9.3006637E+25 3.6650367E+18 3.3285009E+18 3.3653584E+17 -1.024197E+00
 1.0435516E+26 3.2345075E+18 2.9652783E+18 2.6922923E+17 -1.085403E+00
 1.1708842E+26 2.8323891E+18 2.6204296E+18 2.1195947E+17 -1.153105E+00
 1.3137537E+26 2.4735876E+18 2.3068725E+18 1.6671510E+17 -1.176512E+00
 1.4740559E+26 2.1237996E+18 1.9979511E+18 1.2584849E+17 -1.324275E+00
 1.6539179E+26 1.8150214E+18 1.7205088E+18 9.4512594E+16 -1.364636E+00
 1.8557264E+26 1.5436474E+18 1.4728439E+18 7.0803429E+16 -1.406673E+00
 2.0821592E+26 1.2798669E+18 1.2301023E+18 4.9764650E+16 -1.627666E+00
 2.3362211E+26 1.0509244E+18 1.0163880E+18 3.4536429E+16 -1.711867E+00
 2.6212832E+26 8.4136506E+17 8.1875486E+17 2.2610203E+16 -1.931740E+00
 2.9411281E+26 6.5083131E+17 6.3728705E+17 1.3544258E+16 -2.230321E+00
 3.3000000E+26 4.8888407E+17 4.8115673E+17 7.7273421E+15 -2.485251E+00
 3.7026609E+26 3.4273515E+17 3.3902190E+17 3.7132551E+15 -3.084945E+00
 4.1544539E+26 2.1186576E+17 2.1066031E+17 1.2054453E+15 -4.177958E+00
 4.6613739E+26 1.0355035E+17 1.0324863E+17 3.0172132E+14 -6.218184E+00
 5.2301475E+26 1.0000000E-60 1.0000000E-60 1.0000000E-60  0.000000E+00
 5.8683221E+26 1.0000000E-60 1.0000000E-60 1.0000000E-60  0.000000E+00
 6.5843656E+26 1.0000000E-60 1.0000000E-60 1.0000000E-60  0.000000E+00
 7.3877798E+26 1.0000000E-60 1.0000000E-60 1.0000000E-60  0.000000E+00
 8.2892252E+26 1.0000000E-60 1.0000000E-60 1.0000000E-60  0.000000E+00
 9.3006637E+26 1.0000000E-60 1.0000000E-60 1.0000000E-60  0.000000E+00
 1.0435516E+27 1.0000000E-60 1.0000000E-60 1.0000000E-60  0.000000E+00
 1.1708842E+27 1.0000000E-60 1.0000000E-60 1.0000000E-60  0.000000E+00
 1.3137537E+27 1.0000000E-60 1.0000000E-60 1.0000000E-60  0.000000E+00
 1.4740559E+27 1.0000000E-60 1.0000000E-60 1.0000000E-60  0.000000E+00
 1.6539179E+27 1.0000000E-60 1.0000000E-60 1.0000000E-60  0.000000E+00
 1.8557264E+27 1.0000000E-60 1.0000000E-60 1.0000000E-60  0.000000E+00
 2.0821592E+27 1.0000000E-60 1.0000000E-60 1.0000000E-60  0.000000E+00
 2.3362211E+27 1.0000000E-60 1.0000000E-60 1.0000000E-60  0.000000E+00
 2.6212832E+27 1.0000000E-60 1.0000000E-60 1.0000000E-60  0.000000E+00
 2.9411281E+27 1.0000000E-60 1.0000000E-60 1.0000000E-60  0.000000E+00
 3.3000000E+27 1.0000000E-60 1.0000000E-60 1.0000000E-60  0.000000E+00
 3.7026609E+27 1.0000000E-60 1.0000000E-60 1.0000000E-60  0.000000E+00
 4.1544539E+27 1.0000000E-60 1.0000000E-60 1.0000000E-60  0.000000E+00
 4.6613739E+27 1.0000000E-60 1.0000000E-60 1.0000000E-60  0.000000E+00
 5.2301475E+27 1.0000000E-60 1.0000000E-60 1.0000000E-60  0.000000E+00
 5.8683221E+27 1.0000000E-60 1.0000000E-60 1.0000000E-60  0.000000E+00
 6.5843656E+27 1.0000000E-60 1.0000000E-60 1.0000000E-60  0.000000E+00
 7.3877798E+27 1.0000000E-60 1.0000000E-60 1.0000000E-60  0.000000E+00
 8.2892252E+27 1.0000000E-60 1.0000000E-60 1.0000000E-60  0.000000E+00
 9.3006637E+27 1.0000000E-60 1.0000000E-60 1.0000000E-60  0.000000E+00
 1.0435516E+28 1.0000000E-60 1.0000000E-60 1.0000000E-60  0.000000E+00
 1.1708842E+28 1.0000000E-60 1.0000000E-60 1.0000000E-60  0.000000E+00
 1.3137537E+28 1.0000000E-60 1.0000000E-60 1.0000000E-60  0.000000E+00
 1.4740559E+28 1.0000000E-60 1.0000000E-60 1.0000000E-60  0.000000E+00
 1.6539179E+28 1.0000000E-60 1.0000000E-60 1.0000000E-60  0.000000E+00
 1.8557264E+28 1.0000000E-60 1.0000000E-60 1.0000000E-60  0.000000E+00
 2.0821592E+28 1.0000000E-60 1.0000000E-60 1.0000000E-60  0.000000E+00
 2.3362211E+28 1.0000000E-60 1.0000000E-60 1.0000000E-60  0.000000E+00
 2.6212832E+28 1.0000000E-60 1.0000000E-60 1.0000000E-60  0.000000E+00
 2.9411281E+28 1.0000000E-60 1.0000000E-60 1.0000000E-60  0.000000E+00
 3.3000000E+28 1.0000000E-60 1.0000000E-60 1.0000000E-60  0.000000E+00
 3.7026609E+28 1.0000000E-60 1.0000000E-60 1.0000000E-60  0.000000E+00
 4.1544539E+28 1.0000000E-60 1.0000000E-60 1.0000000E-60  0.000000E+00
 4.6613739E+28 1.0000000E-60 1.0000000E-60 1.0000000E-60  0.000000E+00
 5.2301475E+28 1.0000000E-60 1.0000000E-60 1.0000000E-60  0.000000E+00
 5.8683221E+28 1.0000000E-60 1.0000000E-60 1.0000000E-60  0.000000E+00
 6.5843656E+28 1.0000000E-60 1.0000000E-60 1.0000000E-60  0.000000E+00
 7.3877798E+28 1.0000000E-60 1.0000000E-60 1.0000000E-60  0.000000E+00
 8.2892252E+28 1.0000000E-60 1.0000000E-60 1.0000000E-60  0.000000E+00
 9.3006637E+28 1.0000000E-60 1.0000000E-60 1.0000000E-60  0.000000E+00
 1.0435516E+29 1.0000000E-60 1.0000000E-60 1.0000000E-60  0.000000E+00
 1.1708842E+29 1.0000000E-60 1.0000000E-60 1.0000000E-60  0.000000E+00
 1.3137537E+29 1.0000000E-60 1.0000000E-60 1.0000000E-60  0.000000E+00
 1.4740559E+29 1.0000000E-60 1.0000000E-60 1.0000000E-60  0.000000E+00
 1.6539179E+29 1.0000000E-60 1.0000000E-60 1.0000000E-60  0.000000E+00
 1.8557264E+29 1.0000000E-60 1.0000000E-60 1.0000000E-60  0.000000E+00
 2.0821592E+29 1.0000000E-60 1.0000000E-60 1.0000000E-60  0.000000E+00
 2.3362211E+29 1.0000000E-60 1.0000000E-60 1.0000000E-60  0.000000E+00
 2.6212832E+29 1.0000000E-60 1.0000000E-60 1.0000000E-60  0.000000E+00
 2.9411281E+29 1.0000000E-60 1.0000000E-60 1.0000000E-60  0.000000E+00
 3.3000000E+29 1.0000000E-60 1.0000000E-60 1.0000000E-60  0.000000E+00
 3.7026609E+29 1.0000000E-60 1.0000000E-60 1.0000000E-60  0.000000E+00
 4.1544539E+29 1.0000000E-60 1.0000000E-60 1.0000000E-60  0.000000E+00
 4.6613739E+29 1.0000000E-60 1.0000000E-60 1.0000000E-60  0.000000E+00
 5.2301475E+29 1.0000000E-60 1.0000000E-60 1.0000000E-60  0.000000E+00
 5.8683221E+29 1.0000000E-60 1.0000000E-60 1.0000000E-60  0.000000E+00
 6.5843656E+29 1.0000000E-60 1.0000000E-60 1.0000000E-60  0.000000E+00
 7.3877798E+29 1.0000000E-60 1.0000000E-60 1.0000000E-60  0.000000E+00
 8.2892252E+29 1.0000000E-60 1.0000000E-60 1.0000000E-60  0.000000E+00
 9.3006637E+29 1.0000000E-60 1.0000000E-60 1.0000000E-60  0.000000E+00
 1.0435516E+30 1.0000000E-60 1.0000000E-60 1.0000000E-60  0.000000E+00
 1.1708842E+30 1.0000000E-60 1.0000000E-60 1.0000000E-60  0.000000E+00
 1.3137537E+30 1.0000000E-60 1.0000000E-60 1.0000000E-60  0.000000E+00
 1.4740559E+30 1.0000000E-60 1.0000000E-60 1.0000000E-60  0.000000E+00
 1.6539179E+30 1.0000000E-60 1.0000000E-60 1.0000000E-60  0.000000E+00
 1.8557264E+30 1.0000000E-60 1.0000000E-60 1.0000000E-60  0.000000E+00
 2.0821592E+30 1.0000000E-60 1.0000000E-60 1.0000000E-60  0.000000E+00
 2.3362211E+30 1.0000000E-60 1.0000000E-60 1.0000000E-60  0.000000E+00
 2.6212832E+30 1.0000000E-60 1.0000000E-60 1.0000000E-60  0.000000E+00
 2.9411281E+30 1.0000000E-60 1.0000000E-60 1.0000000E-60  0.000000E+00
 3.3000000E+30 1.0000000E-60 1.0000000E-60 1.0000000E-60  0.000000E+00
 3.7026609E+30 1.0000000E-60 1.0000000E-60 1.0000000E-60  0.000000E+00
 4.1544539E+30 1.0000000E-60 1.0000000E-60 1.0000000E-60  0.000000E+00
 4.6613739E+30 1.0000000E-60 1.0000000E-60 1.0000000E-60  0.000000E+00
 5.2301475E+30 1.0000000E-60 1.0000000E-60 1.0000000E-60  0.000000E+00
 5.8683221E+30 1.0000000E-60 1.0000000E-60 1.0000000E-60  0.000000E+00
 6.5843656E+30 1.0000000E-60 1.0000000E-60 1.0000000E-60  0.000000E+00
 7.3877798E+30 1.0000000E-60 1.0000000E-60 1.0000000E-60  0.000000E+00
 8.2892252E+30 1.0000000E-60 1.0000000E-60 1.0000000E-60  0.000000E+00
 9.3006637E+30 1.0000000E-60 1.0000000E-60 1.0000000E-60  0.000000E+00
 1.0435516E+31 1.0000000E-60 1.0000000E-60 1.0000000E-60  0.000000E+00
 1.1708842E+31 1.0000000E-60 1.0000000E-60 1.0000000E-60  0.000000E+00
 1.3137537E+31 1.0000000E-60 1.0000000E-60 1.0000000E-60  0.000000E+00
 1.4740559E+31 1.0000000E-60 1.0000000E-60 1.0000000E-60  0.000000E+00
 1.6539179E+31 1.0000000E-60 1.0000000E-60 1.0000000E-60  0.000000E+00
 1.8557264E+31 1.0000000E-60 1.0000000E-60 1.0000000E-60  0.000000E+00
 2.0821592E+31 1.0000000E-60 1.0000000E-60 1.0000000E-60  0.000000E+00
 2.3362211E+31 1.0000000E-60 1.0000000E-60 1.0000000E-60  0.000000E+00
 2.6212832E+31 1.0000000E-60 1.0000000E-60 1.0000000E-60  0.000000E+00
 2.9411281E+31 1.0000000E-60 1.0000000E-60 1.0000000E-60  0.000000E+00
