#Gamma= 20.0 L_corona= 0.10E+47 T_blr= 0.91E+06 T_ir= 0.73E+04 corona_coef= 0.18E+57
  0.103992E-06   0.100000E-29   0.245226E-23   0.251485E+22
  0.112460E-06   0.100000E-29   0.286792E-23   0.294109E+22
  0.121619E-06   0.100000E-29   0.525342E-23   0.343958E+22
  0.131522E-06   0.100000E-29   0.847691E-23   0.402256E+22
  0.142233E-06   0.100000E-29   0.127226E-22   0.470434E+22
  0.153815E-06   0.100000E-29   0.148790E-22   0.550168E+22
  0.166341E-06   0.100000E-29   0.215154E-22   0.643415E+22
  0.179887E-06   0.100000E-29   0.301371E-22   0.752465E+22
  0.194536E-06   0.100000E-29   0.371516E-22   0.879998E+22
  0.210378E-06   0.100000E-29   0.453568E-22   0.102914E+23
  0.227510E-06   0.100000E-29   0.530448E-22   0.120357E+23
  0.246037E-06   0.100000E-29   0.642124E-22   0.140755E+23
  0.266073E-06   0.100000E-29   0.772392E-22   0.164611E+23
  0.287740E-06   0.100000E-29   0.927856E-22   0.192509E+23
  0.311172E-06   0.100000E-29   0.941145E-22   0.225135E+23
  0.336512E-06   0.100000E-29   0.129359E-21   0.263290E+23
  0.363915E-06   0.100000E-29   0.153518E-21   0.307911E+23
  0.393550E-06   0.100000E-29   0.181908E-21   0.360094E+23
  0.425598E-06   0.100000E-29   0.214830E-21   0.421119E+23
  0.460257E-06   0.100000E-29   0.251244E-21   0.492486E+23
  0.497737E-06   0.100000E-29   0.296037E-21   0.575946E+23
  0.538270E-06   0.100000E-29   0.348261E-21   0.673547E+23
  0.582103E-06   0.100000E-29   0.416236E-21   0.787687E+23
  0.629506E-06   0.100000E-29   0.496787E-21   0.921166E+23
  0.680769E-06   0.100000E-29   0.580992E-21   0.107726E+24
  0.736207E-06   0.100000E-29   0.692117E-21   0.125980E+24
  0.796159E-06   0.100000E-29   0.834976E-21   0.147327E+24
  0.860994E-06   0.274462E+50   0.100443E-20   0.172291E+24
  0.931108E-06   0.273833E+50   0.117468E-20   0.201483E+24
  0.100693E-05   0.273154E+50   0.140606E-20   0.235621E+24
  0.108893E-05   0.272422E+50   0.170454E-20   0.275541E+24
  0.117761E-05   0.271632E+50   0.202103E-20   0.322223E+24
  0.127350E-05   0.270781E+50   0.241896E-20   0.376812E+24
  0.137721E-05   0.269863E+50   0.282897E-20   0.440647E+24
  0.148936E-05   0.268874E+50   0.336289E-20   0.515293E+24
  0.161065E-05   0.267809E+50   0.397768E-20   0.602579E+24
  0.174181E-05   0.266662E+50   0.473911E-20   0.704645E+24
  0.188365E-05   0.265427E+50   0.481464E-20   0.823993E+24
  0.203704E-05   0.264097E+50   0.657604E-20   0.963547E+24
  0.220293E-05   0.262667E+50   0.775610E-20   0.112673E+25
  0.238232E-05   0.261129E+50   0.923437E-20   0.131752E+25
  0.257632E-05   0.259476E+50   0.109356E-19   0.154062E+25
  0.278612E-05   0.257701E+50   0.127891E-19   0.180146E+25
  0.301301E-05   0.255794E+50   0.151226E-19   0.210645E+25
  0.325837E-05   0.253748E+50   0.177961E-19   0.246303E+25
  0.352371E-05   0.251554E+50   0.209010E-19   0.287993E+25
  0.381066E-05   0.249202E+50   0.248108E-19   0.336734E+25
  0.412098E-05   0.246684E+50   0.290162E-19   0.393717E+25
  0.445656E-05   0.243989E+50   0.339268E-19   0.460334E+25
  0.481948E-05   0.241108E+50   0.396598E-19   0.538212E+25
  0.521195E-05   0.238030E+50   0.430335E-19   0.629250E+25
  0.563638E-05   0.234746E+50   0.460767E-19   0.735670E+25
  0.609537E-05   0.231246E+50   0.604602E-19   0.860065E+25
  0.659174E-05   0.227519E+50   0.682521E-19   0.100547E+26
  0.712853E-05   0.223556E+50   0.760676E-19   0.117541E+26
  0.770903E-05   0.219349E+50   0.847055E-19   0.137403E+26
  0.833681E-05   0.214887E+50   0.111798E-18   0.160616E+26
  0.901571E-05   0.210165E+50   0.125665E-18   0.187744E+26
  0.974990E-05   0.203235E+50   0.141556E-18   0.219443E+26
  0.105439E-04   0.210486E+50   0.172200E-18   0.256483E+26
  0.114025E-04   0.234204E+50   0.207745E-18   0.299761E+26
  0.123310E-04   0.238162E+50   0.243061E-18   0.350322E+26
  0.133352E-04   0.228979E+50   0.286807E-18   0.409387E+26
  0.144212E-04   0.234824E+50   0.334256E-18   0.478382E+26
  0.155955E-04   0.245717E+50   0.392294E-18   0.558966E+26
  0.168655E-04   0.242221E+50   0.463729E-18   0.653077E+26
  0.182390E-04   0.228155E+50   0.540311E-18   0.762972E+26
  0.197242E-04   0.213862E+50   0.633628E-18   0.891283E+26
  0.213304E-04   0.204221E+50   0.747900E-18   0.104108E+27
  0.230675E-04   0.194430E+50   0.869866E-18   0.121592E+27
  0.249459E-04   0.184369E+50   0.101902E-17   0.141998E+27
  0.269774E-04   0.176363E+50   0.120253E-17   0.165808E+27
  0.291743E-04   0.168918E+50   0.139766E-17   0.193587E+27
  0.315500E-04   0.161212E+50   0.163691E-17   0.225988E+27
  0.341193E-04   0.153190E+50   0.192915E-17   0.263772E+27
  0.368978E-04   0.144963E+50   0.224221E-17   0.307825E+27
  0.399025E-04   0.136722E+50   0.262586E-17   0.359171E+27
  0.431519E-04   0.129241E+50   0.309616E-17   0.419003E+27
  0.466659E-04   0.121612E+50   0.359997E-17   0.488701E+27
  0.504661E-04   0.114582E+50   0.422055E-17   0.569866E+27
  0.545758E-04   0.107619E+50   0.497990E-17   0.664351E+27
  0.590201E-04   0.100564E+50   0.579836E-17   0.774299E+27
  0.638263E-04   0.937580E+49   0.684252E-17   0.902187E+27
  0.690240E-04   0.877335E+49   0.803627E-17   0.105088E+28
  0.746449E-04   0.816533E+49   0.936220E-17   0.122366E+28
  0.807235E-04   0.755602E+49   0.110930E-16   0.142434E+28
  0.872971E-04   0.697618E+49   0.130687E-16   0.165728E+28
  0.944061E-04   0.639909E+49   0.152829E-16   0.192750E+28
  0.102094E-03   0.585013E+49   0.181158E-16   0.224075E+28
  0.110408E-03   0.552381E+49   0.212820E-16   0.260360E+28
  0.119399E-03   0.519137E+49   0.248215E-16   0.302356E+28
  0.129122E-03   0.486478E+49   0.292799E-16   0.350918E+28
  0.139637E-03   0.454755E+49   0.342813E-16   0.407019E+28
  0.151008E-03   0.422772E+49   0.397526E-16   0.471760E+28
  0.163305E-03   0.391354E+49   0.466629E-16   0.546385E+28
  0.176604E-03   0.360158E+49   0.543488E-16   0.632292E+28
  0.190985E-03   0.329215E+49   0.629095E-16   0.731051E+28
  0.206538E-03   0.293770E+49   0.740152E-16   0.844409E+28
  0.223357E-03   0.257780E+49   0.866322E-16   0.974308E+28
  0.241546E-03   0.230707E+49   0.100691E-15   0.112289E+29
  0.261216E-03   0.206128E+49   0.119115E-15   0.129249E+29
  0.282488E-03   0.182464E+49   0.141071E-15   0.148566E+29
  0.305492E-03   0.162020E+49   0.165553E-15   0.170513E+29
  0.330370E-03   0.148264E+49   0.195448E-15   0.195381E+29
  0.357273E-03   0.134700E+49   0.227289E-15   0.223474E+29
  0.386367E-03   0.122499E+49   0.260215E-15   0.255105E+29
  0.417830E-03   0.112684E+49   0.298695E-15   0.290586E+29
  0.451856E-03   0.102952E+49   0.336935E-15   0.330224E+29
  0.488652E-03   0.929343E+48   0.374498E-15   0.374300E+29
  0.528445E-03   0.830009E+48   0.416412E-15   0.423059E+29
  0.571479E-03   0.720784E+48   0.448821E-15   0.476685E+29
  0.618016E-03   0.630153E+48   0.477458E-15   0.535274E+29
  0.668344E-03   0.564916E+48   0.512759E-15   0.598809E+29
  0.722770E-03   0.509998E+48   0.539351E-15   0.667118E+29
  0.781628E-03   0.486864E+48   0.569108E-15   0.739839E+29
  0.845279E-03   0.465524E+48   0.604715E-15   0.816374E+29
  0.914113E-03   0.445036E+48   0.635995E-15   0.895846E+29
  0.988553E-03   0.445412E+48   0.664903E-15   0.977054E+29
  0.106905E-02   0.432845E+48   0.707125E-15   0.105844E+30
  0.115611E-02   0.423633E+48   0.740711E-15   0.113808E+30
  0.125026E-02   0.418936E+48   0.780310E-15   0.121364E+30
  0.135207E-02   0.419677E+48   0.831263E-15   0.128244E+30
  0.146218E-02   0.420847E+48   0.872724E-15   0.134153E+30
  0.158125E-02   0.401498E+48   0.920662E-15   0.138776E+30
  0.171002E-02   0.387935E+48   0.980927E-15   0.141796E+30
  0.184927E-02   0.384340E+48   0.102824E-14   0.142920E+30
  0.199986E-02   0.399933E+48   0.108132E-14   0.141900E+30
  0.216272E-02   0.392388E+48   0.114693E-14   0.138568E+30
  0.233884E-02   0.392315E+48   0.119550E-14   0.132863E+30
  0.252930E-02   0.396044E+48   0.124722E-14   0.124856E+30
  0.273527E-02   0.402038E+48   0.131250E-14   0.114769E+30
  0.295801E-02   0.406698E+48   0.135428E-14   0.102974E+30
  0.319890E-02   0.406698E+48   0.139861E-14   0.899768E+29
  0.345939E-02   0.388922E+48   0.145621E-14   0.763781E+29
  0.374111E-02   0.372360E+48   0.148808E-14   0.628217E+29
  0.404576E-02   0.357549E+48   0.151964E-14   0.499277E+29
  0.437522E-02   0.342194E+48   0.156567E-14   0.382268E+29
  0.473151E-02   0.326052E+48   0.158215E-14   0.281063E+29
  0.511682E-02   0.308687E+48   0.159887E-14   0.197772E+29
  0.553350E-02   0.292455E+48   0.163268E-14   0.132697E+29
  0.598412E-02   0.281639E+48   0.163322E-14   0.845636E+28
  0.647143E-02   0.270392E+48   0.163974E-14   0.509672E+28
  0.699842E-02   0.268703E+48   0.165600E-14   0.289201E+28
  0.756833E-02   0.260356E+48   0.164444E-14   0.153734E+28
  0.818465E-02   0.238630E+48   0.165757E-14   0.761534E+27
  0.885116E-02   0.217171E+48   0.164375E-14   0.349511E+27
  0.957194E-02   0.195640E+48   0.161962E-14   0.147701E+27
  0.103514E-01   0.172129E+48   0.162059E-14   0.570870E+26
  0.111944E-01   0.146313E+48   0.159958E-14   0.200339E+26
  0.121060E-01   0.124867E+48   0.156756E-14   0.633364E+25
  0.130918E-01   0.111694E+48   0.155880E-14   0.178858E+25
  0.141579E-01   0.978299E+47   0.153127E-14   0.447033E+24
  0.153109E-01   0.834425E+47   0.149443E-14   0.979100E+23
  0.165577E-01   0.687025E+47   0.147584E-14   0.185909E+23
  0.179061E-01   0.645311E+47   0.144192E-14   0.302491E+22
  0.193642E-01   0.603045E+47   0.140681E-14   0.416485E+21
  0.209411E-01   0.560448E+47   0.139934E-14   0.478693E+20
  0.226464E-01   0.517761E+47   0.136027E-14   0.452582E+19
  0.244906E-01   0.475250E+47   0.131170E-14   0.346428E+18
  0.264850E-01   0.433196E+47   0.128224E-14   0.211026E+17
  0.286418E-01   0.391895E+47   0.123932E-14   0.100412E+16
  0.309742E-01   0.351652E+47   0.120860E-14   0.365791E+14
  0.334965E-01   0.312768E+47   0.121395E-14   0.998215E+12
  0.362243E-01   0.275543E+47   0.116896E-14   0.199318E+11
  0.391742E-01   0.240256E+47   0.112239E-14   0.283890E+09
  0.423643E-01   0.207163E+47   0.109718E-14   0.280601E+07
  0.458142E-01   0.176485E+47   0.105126E-14   0.186828E+05
  0.495450E-01   0.148401E+47   0.101806E-14   0.811399E+02
  0.535797E-01   0.123037E+47   0.100656E-14   0.222002E+00
  0.579429E-01   0.100463E+47   0.987679E-15   0.368526E-03
  0.626614E-01   0.806877E+46   0.919891E-15   0.356366E-06
  0.677642E-01   0.636585E+46   0.844738E-15   0.192101E-09
  0.732825E-01   0.492631E+46   0.807752E-15   0.550428E-13
  0.792501E-01   0.392714E+46   0.762270E-15   0.796266E-17
  0.857038E-01   0.335582E+46   0.747601E-15   0.550089E-21
  0.926830E-01   0.286641E+46   0.727485E-15   0.170877E-25
  0.100231E+00   0.245221E+46   0.717365E-15   0.100000E-29
  0.108393E+00   0.211958E+46   0.722646E-15   0.100000E-29
  0.117220E+00   0.187726E+46   0.732916E-15   0.100000E-29
  0.126765E+00   0.160521E+46   0.756608E-15   0.100000E-29
  0.137088E+00   0.141502E+46   0.751226E-15   0.100000E-29
  0.148252E+00   0.122870E+46   0.584436E-15   0.100000E-29
  0.160325E+00   0.101378E+46   0.474408E-15   0.100000E-29
  0.173380E+00   0.860918E+45   0.397661E-15   0.100000E-29
  0.187499E+00   0.765538E+45   0.341952E-15   0.100000E-29
  0.202768E+00   0.657935E+45   0.730626E-15   0.100000E-29
  0.219280E+00   0.602031E+45   0.841251E-15   0.100000E-29
  0.237137E+00   0.553099E+45   0.922925E-15   0.100000E-29
  0.256448E+00   0.521333E+45   0.103933E-14   0.100000E-29
  0.277332E+00   0.489031E+45   0.116889E-14   0.100000E-29
  0.299916E+00   0.458508E+45   0.132285E-14   0.100000E-29
  0.324340E+00   0.432057E+45   0.144714E-14   0.100000E-29
  0.350752E+00   0.405166E+45   0.164108E-14   0.100000E-29
  0.379315E+00   0.384613E+45   0.181295E-14   0.100000E-29
  0.410204E+00   0.369709E+45   0.272284E-15   0.100000E-29
  0.443609E+00   0.349663E+45   0.137214E-15   0.100000E-29
  0.479733E+00   0.330542E+45   0.862089E-16   0.100000E-29
  0.518800E+00   0.312700E+45   0.889289E-16   0.100000E-29
  0.561048E+00   0.294653E+45   0.698734E-16   0.100000E-29
  0.606736E+00   0.276570E+45   0.442819E-16   0.100000E-29
  0.656145E+00   0.267390E+45   0.292222E-16   0.100000E-29
  0.709578E+00   0.255307E+45   0.197215E-16   0.100000E-29
  0.767361E+00   0.238659E+45   0.148925E-16   0.100000E-29
  0.829851E+00   0.221874E+45   0.381176E-16   0.100000E-29
  0.897429E+00   0.209048E+45   0.418635E-16   0.100000E-29
  0.970510E+00   0.197033E+45   0.473621E-16   0.100000E-29
  0.104954E+01   0.187721E+45   0.457523E-16   0.100000E-29
  0.113501E+01   0.181843E+45   0.505734E-16   0.100000E-29
  0.122744E+01   0.172129E+45   0.581116E-16   0.100000E-29
  0.132739E+01   0.162103E+45   0.677360E-16   0.100000E-29
  0.143549E+01   0.153425E+45   0.781175E-16   0.100000E-29
  0.155239E+01   0.145486E+45   0.902768E-16   0.100000E-29
  0.167880E+01   0.142434E+45   0.249421E-17   0.100000E-29
  0.181552E+01   0.140211E+45   0.275234E-17   0.100000E-29
  0.196336E+01   0.138008E+45   0.308399E-17   0.100000E-29
  0.212324E+01   0.132154E+45   0.350524E-17   0.100000E-29
  0.229615E+01   0.127535E+45   0.184912E-17   0.100000E-29
  0.248313E+01   0.124432E+45   0.115909E-17   0.100000E-29
  0.268534E+01   0.120025E+45   0.763362E-18   0.100000E-29
  0.290402E+01   0.118861E+45   0.557703E-18   0.100000E-29
  0.314051E+01   0.113103E+45   0.405950E-18   0.100000E-29
  0.339625E+01   0.107190E+45   0.440068E-18   0.100000E-29
  0.367282E+01   0.103428E+45   0.286641E-18   0.100000E-29
  0.397192E+01   0.100687E+45   0.305455E-18   0.100000E-29
  0.429536E+01   0.964834E+44   0.213666E-18   0.100000E-29
  0.464515E+01   0.911808E+44   0.219619E-18   0.100000E-29
  0.502343E+01   0.857739E+44   0.213393E-18   0.100000E-29
  0.543250E+01   0.815228E+44   0.226790E-18   0.100000E-29
  0.587489E+01   0.773740E+44   0.215184E-18   0.100000E-29
  0.635331E+01   0.729070E+44   0.224347E-18   0.100000E-29
  0.687068E+01   0.675534E+44   0.119344E-18   0.100000E-29
  0.743019E+01   0.624116E+44   0.113135E-18   0.100000E-29
  0.803526E+01   0.584462E+44   0.108061E-18   0.100000E-29
  0.868960E+01   0.544409E+44   0.102983E-18   0.100000E-29
  0.939723E+01   0.501110E+44   0.103914E-18   0.100000E-29
  0.101625E+02   0.457399E+44   0.846931E-19   0.100000E-29
  0.109901E+02   0.432618E+44   0.959273E-19   0.100000E-29
  0.118850E+02   0.413939E+44   0.103207E-18   0.100000E-29
  0.128529E+02   0.394645E+44   0.111499E-18   0.100000E-29
  0.138995E+02   0.374791E+44   0.118142E-18   0.100000E-29
  0.150314E+02   0.354442E+44   0.119307E-18   0.100000E-29
  0.162555E+02   0.333678E+44   0.786058E-19   0.100000E-29
  0.175792E+02   0.312590E+44   0.918607E-19   0.100000E-29
  0.190108E+02   0.291282E+44   0.100123E-18   0.100000E-29
  0.205589E+02   0.269870E+44   0.754489E-19   0.100000E-29
  0.222331E+02   0.248483E+44   0.554143E-19   0.100000E-29
  0.240436E+02   0.227257E+44   0.604527E-19   0.100000E-29
  0.260016E+02   0.206339E+44   0.645302E-19   0.100000E-29
  0.281190E+02   0.185879E+44   0.665143E-19   0.100000E-29
  0.304089E+02   0.166029E+44   0.284062E-19   0.100000E-29
  0.328852E+02   0.146942E+44   0.291827E-19   0.100000E-29
  0.355631E+02   0.128762E+44   0.128887E-19   0.100000E-29
  0.384592E+02   0.111625E+44   0.135134E-19   0.100000E-29
  0.415911E+02   0.956489E+43   0.149225E-19   0.100000E-29
  0.449780E+02   0.809352E+43   0.163858E-19   0.100000E-29
  0.486407E+02   0.675596E+43   0.190984E-19   0.100000E-29
  0.526017E+02   0.555711E+43   0.149954E-19   0.100000E-29
  0.568853E+02   0.449885E+43   0.165681E-19   0.100000E-29
  0.615177E+02   0.358000E+43   0.178877E-19   0.100000E-29
  0.665273E+02   0.279631E+43   0.199114E-19   0.100000E-29
  0.719449E+02   0.214066E+43   0.146135E-19   0.100000E-29
  0.778037E+02   0.160348E+43   0.157026E-19   0.100000E-29
  0.841395E+02   0.117316E+43   0.168867E-19   0.100000E-29
  0.909913E+02   0.836766E+42   0.180700E-19   0.100000E-29
  0.984011E+02   0.580628E+42   0.137691E-19   0.100000E-29
  0.106414E+03   0.100000E-29   0.140537E-19   0.100000E-29
  0.115080E+03   0.100000E-29   0.143581E-19   0.100000E-29
  0.124451E+03   0.100000E-29   0.137294E-19   0.100000E-29
  0.134586E+03   0.100000E-29   0.151776E-19   0.100000E-29
  0.145546E+03   0.100000E-29   0.154071E-19   0.100000E-29
  0.157398E+03   0.100000E-29   0.149022E-19   0.100000E-29
  0.170216E+03   0.100000E-29   0.149569E-19   0.100000E-29
  0.184077E+03   0.100000E-29   0.148487E-19   0.100000E-29
  0.199067E+03   0.100000E-29   0.147381E-19   0.100000E-29
  0.215278E+03   0.100000E-29   0.148881E-19   0.100000E-29
  0.232809E+03   0.100000E-29   0.148207E-19   0.100000E-29
  0.251768E+03   0.100000E-29   0.148569E-19   0.100000E-29
  0.272270E+03   0.100000E-29   0.957809E-20   0.100000E-29
  0.294442E+03   0.100000E-29   0.842330E-20   0.100000E-29
  0.318420E+03   0.100000E-29   0.764376E-20   0.100000E-29
  0.344350E+03   0.100000E-29   0.723926E-20   0.100000E-29
  0.372392E+03   0.100000E-29   0.675728E-20   0.100000E-29
  0.402717E+03   0.100000E-29   0.628336E-20   0.100000E-29
  0.435512E+03   0.100000E-29   0.593824E-20   0.100000E-29
  0.470977E+03   0.100000E-29   0.549857E-20   0.100000E-29
  0.509331E+03   0.100000E-29   0.509003E-20   0.100000E-29
  0.550808E+03   0.100000E-29   0.478592E-20   0.100000E-29
  0.595662E+03   0.100000E-29   0.441308E-20   0.100000E-29
  0.644169E+03   0.100000E-29   0.407218E-20   0.100000E-29
  0.696627E+03   0.100000E-29   0.381495E-20   0.100000E-29
  0.753356E+03   0.100000E-29   0.351012E-20   0.100000E-29
  0.814704E+03   0.100000E-29   0.322965E-20   0.100000E-29
  0.881049E+03   0.100000E-29   0.302161E-20   0.100000E-29
  0.952796E+03   0.100000E-29   0.277337E-20   0.100000E-29
  0.103039E+04   0.100000E-29   0.255187E-20   0.100000E-29
  0.111429E+04   0.100000E-29   0.238241E-20   0.100000E-29
  0.120504E+04   0.100000E-29   0.218397E-20   0.100000E-29
  0.130317E+04   0.100000E-29   0.203756E-20   0.100000E-29
  0.140929E+04   0.100000E-29   0.187038E-20   0.100000E-29
  0.152405E+04   0.100000E-29   0.171424E-20   0.100000E-29
  0.164816E+04   0.100000E-29   0.157252E-20   0.100000E-29
  0.178238E+04   0.100000E-29   0.146639E-20   0.100000E-29
  0.192752E+04   0.100000E-29   0.134057E-20   0.100000E-29
  0.208449E+04   0.100000E-29   0.124857E-20   0.100000E-29
  0.225424E+04   0.100000E-29   0.113996E-20   0.100000E-29
  0.243781E+04   0.100000E-29   0.103498E-20   0.100000E-29
  0.263633E+04   0.100000E-29   0.953002E-21   0.100000E-29
  0.285102E+04   0.100000E-29   0.856803E-21   0.100000E-29
  0.308319E+04   0.100000E-29   0.764119E-21   0.100000E-29
  0.333426E+04   0.100000E-29   0.688829E-21   0.100000E-29
  0.360579E+04   0.100000E-29   0.600799E-21   0.100000E-29
  0.389942E+04   0.100000E-29   0.513790E-21   0.100000E-29
  0.421697E+04   0.100000E-29   0.442655E-21   0.100000E-29
  0.456037E+04   0.100000E-29   0.372638E-21   0.100000E-29
  0.493174E+04   0.100000E-29   0.312736E-21   0.100000E-29
  0.533335E+04   0.100000E-29   0.268447E-21   0.100000E-29
  0.576766E+04   0.100000E-29   0.225663E-21   0.100000E-29
  0.623735E+04   0.100000E-29   0.189092E-21   0.100000E-29
  0.674528E+04   0.100000E-29   0.161586E-21   0.100000E-29
  0.729458E+04   0.100000E-29   0.135310E-21   0.100000E-29
  0.788860E+04   0.100000E-29   0.112936E-21   0.100000E-29
  0.853100E+04   0.100000E-29   0.965208E-22   0.100000E-29
  0.922571E+04   0.100000E-29   0.804821E-22   0.100000E-29
  0.997700E+04   0.100000E-29   0.671538E-22   0.100000E-29
  0.107895E+05   0.100000E-29   0.570865E-22   0.100000E-29
  0.116681E+05   0.100000E-29   0.474269E-22   0.100000E-29
  0.126183E+05   0.100000E-29   0.393908E-22   0.100000E-29
  0.136458E+05   0.100000E-29   0.333971E-22   0.100000E-29
  0.147571E+05   0.100000E-29   0.276096E-22   0.100000E-29
  0.159588E+05   0.100000E-29   0.228443E-22   0.100000E-29
  0.172584E+05   0.100000E-29   0.193203E-22   0.100000E-29
  0.186638E+05   0.100000E-29   0.159112E-22   0.100000E-29
  0.201837E+05   0.100000E-29   0.131007E-22   0.100000E-29
  0.218273E+05   0.100000E-29   0.110221E-22   0.100000E-29
  0.236048E+05   0.100000E-29   0.903889E-23   0.100000E-29
  0.255270E+05   0.100000E-29   0.741787E-23   0.100000E-29
  0.276058E+05   0.100000E-29   0.621820E-23   0.100000E-29
  0.298538E+05   0.100000E-29   0.508475E-23   0.100000E-29
  0.322849E+05   0.100000E-29   0.415255E-23   0.100000E-29
  0.349140E+05   0.100000E-29   0.346878E-23   0.100000E-29
  0.377572E+05   0.100000E-29   0.282604E-23   0.100000E-29
  0.408319E+05   0.100000E-29   0.230212E-23   0.100000E-29
  0.441570E+05   0.100000E-29   0.191659E-23   0.100000E-29
  0.477529E+05   0.100000E-29   0.155619E-23   0.100000E-29
  0.516416E+05   0.100000E-29   0.126340E-23   0.100000E-29
  0.558470E+05   0.100000E-29   0.104631E-23   0.100000E-29
  0.603949E+05   0.100000E-29   0.847754E-24   0.100000E-29
  0.653131E+05   0.100000E-29   0.687005E-24   0.100000E-29
  0.706318E+05   0.100000E-29   0.567950E-24   0.100000E-29
  0.763836E+05   0.100000E-29   0.458898E-24   0.100000E-29
  0.826038E+05   0.100000E-29   0.378752E-24   0.100000E-29
  0.893305E+05   0.100000E-29   0.305819E-24   0.100000E-29
  0.966051E+05   0.100000E-29   0.245943E-24   0.100000E-29
  0.104472E+06   0.100000E-29   0.202745E-24   0.100000E-29
  0.112980E+06   0.100000E-29   0.162768E-24   0.100000E-29
  0.122180E+06   0.100000E-29   0.130888E-24   0.100000E-29
  0.132130E+06   0.100000E-29   0.107801E-24   0.100000E-29
  0.142889E+06   0.100000E-29   0.864551E-25   0.100000E-29
  0.154525E+06   0.100000E-29   0.693115E-25   0.100000E-29
  0.167109E+06   0.100000E-29   0.569165E-25   0.100000E-29
  0.180717E+06   0.100000E-29   0.455657E-25   0.100000E-29
  0.195434E+06   0.100000E-29   0.364628E-25   0.100000E-29
  0.211349E+06   0.100000E-29   0.299294E-25   0.100000E-29
  0.228560E+06   0.100000E-29   0.239193E-25   0.100000E-29
  0.247172E+06   0.100000E-29   0.191128E-25   0.100000E-29
  0.267301E+06   0.100000E-29   0.156477E-25   0.100000E-29
  0.289068E+06   0.100000E-29   0.125035E-25   0.100000E-29
  0.312608E+06   0.100000E-29   0.996396E-26   0.100000E-29
  0.338065E+06   0.100000E-29   0.815729E-26   0.100000E-29
  0.365595E+06   0.100000E-29   0.649640E-26   0.100000E-29
  0.395367E+06   0.100000E-29   0.517621E-26   0.100000E-29
  0.427563E+06   0.100000E-29   0.423268E-26   0.100000E-29
  0.462381E+06   0.100000E-29   0.337369E-26   0.100000E-29
  0.500035E+06   0.100000E-29   0.268277E-26   0.100000E-29
  0.540754E+06   0.100000E-29   0.218913E-26   0.100000E-29
  0.584790E+06   0.100000E-29   0.173763E-26   0.100000E-29
  0.632412E+06   0.100000E-29   0.138648E-26   0.100000E-29
  0.683912E+06   0.100000E-29   0.112905E-26   0.100000E-29
  0.739605E+06   0.100000E-29   0.899640E-27   0.100000E-29
  0.799834E+06   0.100000E-29   0.713951E-27   0.100000E-29
  0.864968E+06   0.100000E-29   0.581614E-27   0.100000E-29
  0.935406E+06   0.100000E-29   0.462514E-27   0.100000E-29
  0.101158E+07   0.100000E-29   0.367195E-27   0.100000E-29
  0.109396E+07   0.100000E-29   0.298933E-27   0.100000E-29
  0.118304E+07   0.100000E-29   0.237005E-27   0.100000E-29
  0.127938E+07   0.100000E-29   0.188262E-27   0.100000E-29
  0.138357E+07   0.100000E-29   0.153362E-27   0.100000E-29
  0.149624E+07   0.100000E-29   0.121514E-27   0.100000E-29
  0.161808E+07   0.100000E-29   0.963472E-28   0.100000E-29
  0.174985E+07   0.100000E-29   0.785352E-28   0.100000E-29
  0.189234E+07   0.100000E-29   0.621940E-28   0.100000E-29
  0.204644E+07   0.100000E-29   0.489045E-28   0.100000E-29
  0.221309E+07   0.100000E-29   0.389404E-28   0.100000E-29
  0.239332E+07   0.100000E-29   0.299323E-28   0.100000E-29
  0.258821E+07   0.100000E-29   0.226216E-28   0.100000E-29
  0.279898E+07   0.100000E-29   0.171486E-28   0.100000E-29
  0.302691E+07   0.100000E-29   0.120518E-28   0.100000E-29
  0.327341E+07   0.100000E-29   0.808611E-29   0.100000E-29
  0.353997E+07   0.100000E-29   0.432248E-29   0.100000E-29
  0.382825E+07   0.100000E-29   0.100000E-29   0.100000E-29
  0.414000E+07   0.100000E-29   0.100000E-29   0.100000E-29
  0.447713E+07   0.100000E-29   0.100000E-29   0.100000E-29
  0.484172E+07   0.100000E-29   0.100000E-29   0.100000E-29
  0.523600E+07   0.100000E-29   0.100000E-29   0.100000E-29
  0.566239E+07   0.100000E-29   0.100000E-29   0.100000E-29
  0.612350E+07   0.100000E-29   0.100000E-29   0.100000E-29
  0.662217E+07   0.100000E-29   0.100000E-29   0.100000E-29
  0.716143E+07   0.100000E-29   0.100000E-29   0.100000E-29
  0.774462E+07   0.100000E-29   0.100000E-29   0.100000E-29
  0.837529E+07   0.100000E-29   0.100000E-29   0.100000E-29
  0.905733E+07   0.100000E-29   0.100000E-29   0.100000E-29
  0.979490E+07   0.100000E-29   0.100000E-29   0.100000E-29
  0.105925E+08   0.100000E-29   0.100000E-29   0.100000E-29
  0.114551E+08   0.100000E-29   0.100000E-29   0.100000E-29
  0.123880E+08   0.100000E-29   0.100000E-29   0.100000E-29
  0.133968E+08   0.100000E-29   0.100000E-29   0.100000E-29
  0.144877E+08   0.100000E-29   0.100000E-29   0.100000E-29
  0.156675E+08   0.100000E-29   0.100000E-29   0.100000E-29
  0.169434E+08   0.100000E-29   0.100000E-29   0.100000E-29
  0.183231E+08   0.100000E-29   0.100000E-29   0.100000E-29
  0.198153E+08   0.100000E-29   0.100000E-29   0.100000E-29
  0.214289E+08   0.100000E-29   0.100000E-29   0.100000E-29
  0.231739E+08   0.100000E-29   0.100000E-29   0.100000E-29
  0.250611E+08   0.100000E-29   0.100000E-29   0.100000E-29
  0.271019E+08   0.100000E-29   0.100000E-29   0.100000E-29
  0.293089E+08   0.100000E-29   0.100000E-29   0.100000E-29
  0.316957E+08   0.100000E-29   0.100000E-29   0.100000E-29
  0.342768E+08   0.100000E-29   0.100000E-29   0.100000E-29
  0.370681E+08   0.100000E-29   0.100000E-29   0.100000E-29
  0.400867E+08   0.100000E-29   0.100000E-29   0.100000E-29
  0.433511E+08   0.100000E-29   0.100000E-29   0.100000E-29
  0.468813E+08   0.100000E-29   0.100000E-29   0.100000E-29
  0.506991E+08   0.100000E-29   0.100000E-29   0.100000E-29
  0.548277E+08   0.100000E-29   0.100000E-29   0.100000E-29
  0.592925E+08   0.100000E-29   0.100000E-29   0.100000E-29
  0.641210E+08   0.100000E-29   0.100000E-29   0.100000E-29
  0.693426E+08   0.100000E-29   0.100000E-29   0.100000E-29
  0.749894E+08   0.100000E-29   0.100000E-29   0.100000E-29
  0.810961E+08   0.100000E-29   0.100000E-29   0.100000E-29
  0.877001E+08   0.100000E-29   0.100000E-29   0.100000E-29
  0.948418E+08   0.100000E-29   0.100000E-29   0.100000E-29
  0.102565E+09   0.100000E-29   0.100000E-29   0.100000E-29
  0.110917E+09   0.100000E-29   0.100000E-29   0.100000E-29
  0.119950E+09   0.100000E-29   0.100000E-29   0.100000E-29
  0.129718E+09   0.100000E-29   0.100000E-29   0.100000E-29
  0.140281E+09   0.100000E-29   0.100000E-29   0.100000E-29
  0.151705E+09   0.100000E-29   0.100000E-29   0.100000E-29
  0.164059E+09   0.100000E-29   0.100000E-29   0.100000E-29
  0.177419E+09   0.100000E-29   0.100000E-29   0.100000E-29
  0.191867E+09   0.100000E-29   0.100000E-29   0.100000E-29
  0.207491E+09   0.100000E-29   0.100000E-29   0.100000E-29
  0.224388E+09   0.100000E-29   0.100000E-29   0.100000E-29
  0.242661E+09   0.100000E-29   0.100000E-29   0.100000E-29
  0.262422E+09   0.100000E-29   0.100000E-29   0.100000E-29
  0.283792E+09   0.100000E-29   0.100000E-29   0.100000E-29
  0.306902E+09   0.100000E-29   0.100000E-29   0.100000E-29
  0.331894E+09   0.100000E-29   0.100000E-29   0.100000E-29
  0.358922E+09   0.100000E-29   0.100000E-29   0.100000E-29
  0.388150E+09   0.100000E-29   0.100000E-29   0.100000E-29
  0.419759E+09   0.100000E-29   0.100000E-29   0.100000E-29
  0.453942E+09   0.100000E-29   0.100000E-29   0.100000E-29
  0.490908E+09   0.100000E-29   0.100000E-29   0.100000E-29
  0.530884E+09   0.100000E-29   0.100000E-29   0.100000E-29
  0.574116E+09   0.100000E-29   0.100000E-29   0.100000E-29
  0.620869E+09   0.100000E-29   0.100000E-29   0.100000E-29
  0.671429E+09   0.100000E-29   0.100000E-29   0.100000E-29
  0.726106E+09   0.100000E-29   0.100000E-29   0.100000E-29
  0.785236E+09   0.100000E-29   0.100000E-29   0.100000E-29
  0.849180E+09   0.100000E-29   0.100000E-29   0.100000E-29
  0.918333E+09   0.100000E-29   0.100000E-29   0.100000E-29
  0.993116E+09   0.100000E-29   0.100000E-29   0.100000E-29
  0.107399E+10   0.100000E-29   0.100000E-29   0.100000E-29
  0.116145E+10   0.100000E-29   0.100000E-29   0.100000E-29
  0.125603E+10   0.100000E-29   0.100000E-29   0.100000E-29
  0.135831E+10   0.100000E-29   0.100000E-29   0.100000E-29
  0.146893E+10   0.100000E-29   0.100000E-29   0.100000E-29
  0.158855E+10   0.100000E-29   0.100000E-29   0.100000E-29
  0.171791E+10   0.100000E-29   0.100000E-29   0.100000E-29
  0.185780E+10   0.100000E-29   0.100000E-29   0.100000E-29
  0.200909E+10   0.100000E-29   0.100000E-29   0.100000E-29
  0.217270E+10   0.100000E-29   0.100000E-29   0.100000E-29
  0.234963E+10   0.100000E-29   0.100000E-29   0.100000E-29
  0.254097E+10   0.100000E-29   0.100000E-29   0.100000E-29
  0.274789E+10   0.100000E-29   0.100000E-29   0.100000E-29
  0.297167E+10   0.100000E-29   0.100000E-29   0.100000E-29
  0.321366E+10   0.100000E-29   0.100000E-29   0.100000E-29
  0.347536E+10   0.100000E-29   0.100000E-29   0.100000E-29
  0.375837E+10   0.100000E-29   0.100000E-29   0.100000E-29
  0.406443E+10   0.100000E-29   0.100000E-29   0.100000E-29
  0.439542E+10   0.100000E-29   0.100000E-29   0.100000E-29
  0.475335E+10   0.100000E-29   0.100000E-29   0.100000E-29
  0.514044E+10   0.100000E-29   0.100000E-29   0.100000E-29
  0.555904E+10   0.100000E-29   0.100000E-29   0.100000E-29
  0.601174E+10   0.100000E-29   0.100000E-29   0.100000E-29
  0.650130E+10   0.100000E-29   0.100000E-29   0.100000E-29
  0.703072E+10   0.100000E-29   0.100000E-29   0.100000E-29
  0.760326E+10   0.100000E-29   0.100000E-29   0.100000E-29
  0.822243E+10   0.100000E-29   0.100000E-29   0.100000E-29
  0.889201E+10   0.100000E-29   0.100000E-29   0.100000E-29
  0.961612E+10   0.100000E-29   0.100000E-29   0.100000E-29
