# Volume size: Z= 0.5000000E+18 R= 0.2500000E+18
# nz=   30 nr=    9
# Energy grid for electron spectrum
 0.1818182E+00
 0.2000000E+00
 0.2200000E+00
 0.2420000E+00
 0.2662000E+00
 0.2928200E+00
 0.3221020E+00
 0.3543122E+00
 0.3897434E+00
 0.4287178E+00
 0.4715895E+00
 0.5187485E+00
 0.5706233E+00
 0.6276857E+00
 0.6904542E+00
 0.7594997E+00
 0.8354496E+00
 0.9189946E+00
 0.1010894E+01
 0.1111983E+01
 0.1223182E+01
 0.1345500E+01
 0.1480050E+01
 0.1628055E+01
 0.1790860E+01
 0.1969947E+01
 0.2166941E+01
 0.2383635E+01
 0.2621999E+01
 0.2884199E+01
 0.3172619E+01
 0.3489880E+01
 0.3838868E+01
 0.4222755E+01
 0.4645031E+01
 0.5109534E+01
 0.5620487E+01
 0.6182536E+01
 0.6800790E+01
 0.7480869E+01
 0.8228956E+01
 0.9051851E+01
 0.9957036E+01
 0.1095274E+02
 0.1204801E+02
 0.1325282E+02
 0.1457810E+02
 0.1603591E+02
 0.1763950E+02
 0.1940345E+02
 0.2134379E+02
 0.2347817E+02
 0.2582599E+02
 0.2840859E+02
 0.3124945E+02
 0.3437439E+02
 0.3781183E+02
 0.4159301E+02
 0.4575231E+02
 0.5032754E+02
 0.5536030E+02
 0.6089633E+02
 0.6698596E+02
 0.7368456E+02
 0.8105301E+02
 0.8915831E+02
 0.9807415E+02
 0.1078816E+03
 0.1186697E+03
 0.1305367E+03
 0.1435904E+03
 0.1579494E+03
 0.1737443E+03
 0.1911188E+03
 0.2102306E+03
 0.2312537E+03
 0.2543791E+03
 0.2798170E+03
 0.3077987E+03
 0.3385785E+03
 0.3724364E+03
 0.4096800E+03
 0.4506480E+03
 0.4957129E+03
 0.5452841E+03
 0.5998126E+03
 0.6597938E+03
 0.7257732E+03
 0.7983505E+03
 0.8781856E+03
 0.9660041E+03
 0.1062605E+04
 0.1168865E+04
 0.1285751E+04
 0.1414327E+04
 0.1555759E+04
 0.1711335E+04
 0.1882469E+04
 0.2070716E+04
 0.2277787E+04
 0.2505566E+04
 0.2756122E+04
 0.3031735E+04
 0.3334908E+04
 0.3668399E+04
 0.4035239E+04
 0.4438763E+04
 0.4882639E+04
 0.5370903E+04
 0.5907993E+04
 0.6498793E+04
 0.7148672E+04
 0.7863539E+04
 0.8649893E+04
 0.9514882E+04
 0.1046637E+05
 0.1151301E+05
 0.1266431E+05
 0.1393074E+05
 0.1532381E+05
 0.1685619E+05
 0.1854181E+05
 0.2039600E+05
 0.2243559E+05
 0.2467915E+05
 0.2714707E+05
 0.2986178E+05
 0.3284795E+05
 0.3613275E+05
 0.3974602E+05
 0.4372063E+05
 0.4809269E+05
 0.5290196E+05
 0.5819215E+05
 0.6401137E+05
 0.7041251E+05
 0.7745376E+05
 0.8519913E+05
 0.9371905E+05
 0.1030910E+06
 0.1134000E+06
 0.1247401E+06
 0.1372141E+06
 0.1509355E+06
 0.1660290E+06
 0.1826319E+06
 0.2008951E+06
 0.2209846E+06
 0.2430831E+06
 0.2673914E+06
 0.2941305E+06
 0.3235436E+06
 0.3558979E+06
 0.3914877E+06
 0.4306365E+06
 0.4737001E+06
 0.5210702E+06
 0.5731772E+06
 0.6304949E+06
 0.6935444E+06
 0.7628988E+06
 0.8391887E+06
 0.9231076E+06
 0.1015418E+07
 0.1116960E+07
 0.1228656E+07
 0.1351522E+07
 0.1486674E+07
 0.1635341E+07
 0.1798875E+07
 0.1978763E+07
 0.2176639E+07
 0.2394303E+07
 0.2633734E+07
 0.2897107E+07
 0.3186818E+07
 0.3505499E+07
 0.3856049E+07
 0.4241654E+07
 0.4665820E+07
 0.5132402E+07
 0.5645642E+07
 0.6210206E+07
 0.6831227E+07
 0.7514349E+07
 0.8265784E+07
 0.9092363E+07
 0.1000160E+08
 0.1100176E+08
 0.1210193E+08
 0.1331213E+08
 0.1464334E+08
 0.1610768E+08
 0.1771844E+08
 0.1949029E+08
 0.2143932E+08
 0.2358325E+08
 0.2594157E+08
 0.2853573E+08
 0.3138930E+08
